69
59
59
56
56
66
66
66
66
66
66
63
73
59
56
56
59
66
69
66
63
66
56
59
59
66
66
63
66
66
56
59
56
59
56
63
69
66
66
66
63
59
63
56
69
66
66
59
59
56
66
66
66
66
66
73
66
56
59
59
56
59
59
59
66
63
69
66
66
66
59
56
63
56
63
66
66
66
56
56
59
63
59
59
59
56
56
66
66
66
66
56
59
63
59
66
69
166
86
66
66
66
66
59
59
63
56
69
66
66
66
66
66
63
59
66
66
66
59
59
69
66
66
66
59
59
59
66
66
59
66
56
56
59
56
66
56
66
59
66
66
73
63
66
69
59
59
59
59
66
69
59
56
63
66
69
66
66
69
66
66
66
59
59
63
59
66
66
66
59
63
69
59
59
59
59
59
59
59
66
69
69
66
63
59
56
59
66
59
66
66
59
66
59
79
79
76
59
69
