63
56
53
46
46
46
46
56
73
176
56
46
56
56
56
46
73
63
63
63
66
53
49
53
56
63
53
66
66
56
69
56
53
46
46
66
56
66
63
66
56
63
59
53
56
49
53
56
53
56
46
53
73
56
63
46
56
56
53
53
53
59
59
46
56
56
46
59
63
63
53
53
53
43
53
59
56
53
63
66
53
63
53
46
59
53
56
53
63
66
66
53
66
53
59
56
46
53
53
59
46
53
66
66
66
59
46
46
53
59
59
66
63
69
56
56
49
46
56
46
46
53
66
66
59
76
46
53
83
53
86
123
53
59
49
63
69
63
59
56
46
46
66
53
56
59
46
46
46
73
69
63
56
63
66
46
56
56
53
66
53
56
53
59
76
59
53
53
49
56
49
53
66
73
53
66
59
59
63
66
56
56
46
53
59
69
66
73
63
66
66
63
69
46
56
69
63
59
46
46
53
