93
93
89
93
86
83
83
93
86
83
83
86
83
89
93
93
89
93
93
83
93
83
83
93
89
93
93
86
89
83
83
83
83
83
89
89
79
83
83
93
93
93
93
93
83
83
83
83
83
93
89
89
93
83
89
83
86
83
79
83
89
93
93
89
93
93
86
86
83
83
116
173
83
83
89
93
89
89
93
93
93
89
89
93
83
86
83
83
83
86
126
89
93
89
89
86
83
83
83
89
93
89
89
89
93
89
93
83
83
86
83
83
86
83
83
89
93
89
89
96
93
93
96
83
83
99
93
93
93
106
83
79
83
83
83
123
83
83
93
89
89
89
93
93
83
93
89
86
86
83
86
83
83
83
83
83
89
93
93
83
213
86
89
89
93
93
93
83
93
93
93
83
83
86
83
89
93
93
93
83
83
83
83
83
86
83
86
89
93
89
89
83
86
83
83
89
89
89
93
96
89
