59
66
63
66
73
66
73
66
66
66
56
56
59
53
66
59
56
59
73
59
66
66
66
56
53
59
56
63
63
66
66
66
66
73
63
59
59
59
66
56
59
46
59
56
66
66
73
66
66
66
73
66
59
46
53
69
53
53
66
56
59
69
43
59
59
56
66
66
66
56
73
73
66
76
63
56
66
59
43
53
43
59
63
53
53
66
66
59
56
46
59
66
63
63
56
63
59
73
63
56
66
53
59
66
66
53
53
49
46
46
53
46
56
66
46
49
66
63
53
56
53
46
56
183
103
66
53
59
46
59
59
63
59
43
123
66
66
66
59
53
56
69
59
53
53
53
66
66
53
63
56
53
56
49
56
66
53
63
46
66
59
69
46
46
59
43
73
66
63
109
66
66
43
56
46
43
46
43
66
76
53
63
66
59
53
53
63
63
46
46
46
53
53
66
66
46
46
53
56
59
56
