69
46
66
66
66
73
66
59
69
56
66
66
66
63
69
59
59
66
73
66
66
66
73
66
59
59
66
73
66
73
76
69
66
66
76
69
66
66
66
76
66
69
69
73
66
66
66
73
66
66
76
76
73
66
63
63
66
66
66
66
79
73
76
76
66
66
66
69
69
69
59
66
59
73
66
66
59
269
89
66
66
73
69
66
66
63
66
123
66
59
59
59
66
73
76
69
66
73
73
66
66
76
73
59
59
76
56
76
59
59
66
56
66
73
59
76
66
73
73
59
69
66
59
59
66
73
73
73
59
56
56
76
73
66
69
59
66
73
73
66
56
66
69
63
66
76
69
69
73
76
73
69
59
56
63
69
76
73
59
73
66
66
66
66
69
79
73
66
66
76
66
66
66
76
156
146
83
66
56
73
66
66
66
66
103
66
66
73
66
76
73
69
69
73
66
59
66
66
59
69
63
