59
103
66
69
89
59
66
66
66
66
66
83
66
66
73
56
59
59
59
59
59
83
86
66
69
73
66
66
66
76
79
69
69
66
66
66
69
59
66
79
59
59
59
56
56
66
66
66
69
66
69
66
69
59
59
56
59
59
56
56
59
66
69
69
66
59
56
59
66
73
66
66
66
66
63
146
63
59
63
56
59
73
79
59
66
66
66
66
66
63
66
66
56
59
56
59
66
66
63
56
59
59
59
59
59
56
56
66
66
66
66
56
59
56
59
63
66
66
66
66
66
63
66
59
59
59
66
66
66
66
59
63
59
56
56
63
56
59
69
66
66
66
69
69
66
59
59
59
59
59
59
59
56
59
66
63
66
59
63
59
56
69
66
66
66
66
69
66
66
56
59
56
56
56
59
59
59
66
66
66
66
66
73
66
66
59
66
59
59
59
63
66
63
66
59
59
56
56
56
59
59
