69
59
53
59
46
59
126
53
66
63
66
46
76
79
56
56
56
46
46
53
56
56
63
109
46
43
56
59
69
53
59
79
53
59
59
53
46
46
53
59
63
59
53
46
59
43
53
43
59
56
76
56
66
66
63
66
63
69
59
53
46
53
59
66
53
59
53
53
63
59
56
53
46
53
66
56
66
56
53
63
56
46
46
56
56
59
66
59
66
79
56
76
69
59
53
53
69
53
46
46
59
53
66
66
53
53
53
46
56
63
56
53
46
66
53
66
59
59
56
59
46
53
56
63
59
46
53
46
53
56
56
53
63
63
69
53
46
46
59
59
56
59
63
56
63
53
53
56
53
46
46
53
73
63
66
53
56
56
56
59
53
53
66
66
59
66
46
56
59
46
53
56
53
56
53
53
63
69
63
69
56
66
46
46
56
73
66
66
63
56
129
56
49
56
56
49
69
46
56
56
73
