93
89
86
79
116
83
89
86
89
86
89
169
89
79
83
83
89
89
89
89
79
79
83
79
79
83
89
89
89
89
89
89
89
83
79
83
79
79
83
83
86
89
86
86
89
83
83
79
83
86
89
89
86
86
89
89
89
79
79
79
83
83
83
83
89
86
89
89
89
89
89
79
79
79
79
86
89
89
83
83
79
83
83
79
79
79
89
89
89
89
89
89
89
79
79
79
79
83
79
79
79
89
89
96
89
79
79
83
83
89
89
89
86
89
89
89
89
83
83
79
79
89
89
89
89
83
79
79
79
79
83
83
83
89
89
89
86
83
83
83
83
89
89
153
93
89
89
79
79
99
79
79
79
83
79
89
89
89
89
89
89
86
89
79
83
79
79
89
86
86
89
79
83
83
79
79
79
83
79
89
89
89
86
79
83
83
79
89
89
93
86
86
89
89
89
83
79
79
83
89
89
