73
89
66
66
93
66
63
63
73
69
86
96
56
73
73
56
56
66
53
136
66
53
73
63
59
63
56
63
66
73
66
73
56
56
59
56
66
56
59
59
73
66
66
66
56
56
53
66
66
73
73
73
73
66
46
59
56
56
66
73
73
63
59
59
116
56
56
56
56
66
66
63
63
63
73
66
56
59
46
66
46
59
56
46
66
63
66
66
66
56
56
56
63
66
63
53
73
63
143
73
53
46
56
63
46
46
53
119
73
66
63
53
59
66
56
53
46
46
46
53
66
63
53
53
66
53
46
43
56
46
59
66
89
53
63
73
53
59
53
59
46
46
59
46
66
53
46
73
53
66
53
59
56
66
56
76
56
56
59
53
63
53
63
46
56
56
56
63
53
53
73
56
63
63
56
43
46
46
53
66
53
66
46
46
59
63
63
53
46
46
59
66
46
66
53
66
53
66
43
53
56
