153
76
59
56
143
59
59
59
56
63
63
66
59
59
66
66
63
66
63
63
59
59
56
59
56
66
56
59
63
66
63
63
63
66
76
79
63
66
59
66
136
253
66
66
63
56
56
56
56
59
93
56
66
73
66
63
66
66
63
66
59
56
66
56
59
56
59
56
66
66
66
63
56
63
56
59
76
63
86
69
76
59
66
73
63
66
56
56
56
59
66
63
66
66
56
56
56
59
56
59
66
63
66
66
59
59
59
56
66
59
66
66
63
66
63
66
63
59
59
56
59
59
56
59
59
66
63
66
63
66
66
66
66
56
56
59
56
59
59
56
59
66
66
63
66
56
59
56
59
63
63
66
66
66
63
66
66
59
59
56
59
56
59
56
56
63
66
66
66
66
63
63
59
56
56
66
66
66
63
59
59
59
56
56
59
59
59
59
56
63
66
66
69
66
66
66
63
59
59
59
56
