56
86
56
119
69
79
46
46
136
59
63
53
53
63
53
76
53
53
53
53
63
63
63
59
53
46
46
56
53
53
56
69
46
59
59
56
56
46
53
53
116
53
53
63
63
53
66
63
126
63
43
56
53
53
63
116
53
59
46
46
46
53
46
53
46
59
53
63
53
53
56
59
59
53
53
46
53
43
46
46
46
63
53
59
63
56
43
43
46
53
63
63
53
53
63
63
59
46
46
43
46
46
53
53
53
63
46
46
49
53
46
53
46
53
63
53
66
53
46
53
53
53
59
53
56
63
56
63
59
59
46
53
56
53
56
46
46
46
63
53
59
53
59
53
59
63
46
46
46
46
53
53
63
63
53
46
56
53
46
46
56
46
53
63
59
63
53
46
53
53
53
53
63
53
53
59
59
63
53
46
46
53
46
53
53
59
63
46
46
46
53
46
43
53
53
56
59
53
56
63
59
