66
66
63
69
69
63
63
63
59
59
59
53
59
63
59
59
66
66
66
73
69
69
66
66
59
59
56
59
66
69
66
63
63
63
96
56
79
56
53
63
73
63
66
63
63
66
56
59
59
59
56
66
66
66
66
59
59
56
59
66
66
69
66
66
66
66
66
59
59
63
59
63
63
56
56
59
76
56
59
66
69
66
59
56
66
63
66
66
66
59
59
66
69
69
66
56
59
56
59
56
59
66
66
66
59
59
66
66
66
66
99
66
66
59
59
59
59
66
66
66
66
63
63
56
56
59
59
56
66
66
66
66
66
59
99
59
59
59
73
96
66
66
66
66
56
56
59
59
66
66
69
66
69
63
66
66
56
56
59
59
66
66
66
66
59
86
59
59
56
59
59
56
66
73
66
69
59
53
59
66
69
66
66
69
66
63
59
83
63
59
59
59
59
59
66
66
66
63
63
63
69
