53
83
63
53
63
59
46
46
53
59
96
89
53
53
66
69
59
53
66
73
56
56
53
46
59
53
53
49
59
59
46
53
56
63
59
59
56
66
46
43
63
46
63
53
59
76
59
56
53
46
59
49
59
63
53
59
63
49
56
56
56
53
56
66
56
56
53
63
59
53
56
59
63
59
53
46
56
59
59
56
66
69
63
69
43
66
49
56
69
53
66
59
43
63
56
49
56
53
63
73
66
76
66
56
46
46
46
56
63
63
46
46
63
73
76
59
53
63
53
46
53
53
59
59
76
63
53
46
56
59
69
73
46
56
56
63
73
63
59
46
49
59
56
49
53
56
63
63
49
66
56
53
53
53
66
63
56
53
73
63
73
53
53
53
79
93
53
69
66
53
53
46
53
59
46
53
56
66
53
66
59
53
56
66
56
56
56
56
63
59
53
59
56
63
59
53
73
59
53
63
63
