89
83
86
93
83
93
79
89
86
86
96
89
86
86
89
96
93
96
96
86
96
96
96
83
93
89
96
89
89
89
89
79
79
89
86
89
89
89
96
89
96
79
86
89
89
89
93
99
86
99
86
89
96
79
79
86
79
79
79
89
99
99
86
96
93
96
96
93
76
89
83
93
99
89
99
86
79
79
93
89
79
86
83
86
96
96
89
99
96
99
89
86
83
89
83
89
86
83
79
89
96
96
96
89
79
79
83
96
89
96
89
93
86
99
89
83
83
89
89
83
86
89
96
96
96
93
89
89
86
96
96
86
86
79
86
79
86
89
83
89
99
83
83
93
96
83
93
83
79
86
86
79
93
86
96
93
79
89
96
93
86
89
89
83
79
86
89
96
86
89
79
89
83
89
89
93
89
83
79
86
96
96
99
96
86
93
79
86
89
79
89
86
86
96
89
96
89
79
83
89
83
