93
83
96
73
66
89
63
66
56
83
66
59
59
46
66
53
79
69
56
49
56
59
66
66
59
59
66
89
53
66
63
56
56
59
53
63
66
53
63
59
53
133
59
49
66
56
53
66
53
53
59
66
73
53
59
56
46
73
56
59
63
53
53
59
56
46
66
53
76
59
66
53
59
63
63
89
66
59
66
66
63
56
53
66
56
56
56
56
59
73
73
66
59
59
53
53
53
59
53
63
73
53
53
59
46
56
66
56
46
63
73
53
53
69
53
73
49
63
63
53
63
53
46
53
53
73
56
59
133
73
43
66
53
73
73
56
69
59
53
56
56
46
59
66
66
69
43
46
53
66
63
56
73
49
49
66
46
66
73
53
66
59
53
66
56
49
53
56
56
56
63
73
59
56
56
56
56
43
53
63
53
59
53
63
53
59
63
46
56
46
63
53
59
53
53
63
53
76
53
53
56
