149
79
76
83
149
146
53
143
56
56
59
66
69
56
63
66
66
56
59
66
56
59
59
59
69
59
56
66
63
53
56
66
66
59
59
59
69
63
66
53
59
56
66
59
56
56
56
63
63
63
66
56
59
56
56
63
66
66
66
66
63
66
66
56
56
59
56
63
63
66
56
59
63
66
66
69
66
66
59
56
59
63
53
56
59
56
66
66
59
66
59
53
59
59
63
66
66
59
56
59
66
66
59
59
56
56
59
66
66
66
63
63
66
59
56
56
59
59
59
56
56
66
66
66
56
59
56
56
66
63
66
66
66
66
66
66
56
59
56
59
63
63
56
56
59
59
56
56
66
63
63
59
56
63
103
103
63
56
66
56
59
59
56
59
59
56
56
66
66
66
59
56
66
66
63
63
66
56
56
59
66
66
66
66
59
66
56
56
59
56
59
59
63
66
66
56
56
59
56
1809
66
