56
53
53
66
56
53
53
53
56
59
63
56
49
49
53
59
59
59
46
46
46
53
56
46
46
59
59
63
66
56
56
63
63
56
53
113
136
46
56
53
53
63
59
66
49
46
56
49
63
53
56
59
53
56
56
53
46
46
53
66
63
49
49
56
49
46
49
56
53
56
46
63
56
56
56
46
53
56
49
56
46
53
53
56
63
59
56
46
53
56
53
56
56
63
63
53
59
49
43
56
59
63
59
63
46
53
46
53
49
56
46
96
56
63
56
43
46
56
56
63
56
63
59
63
63
63
63
56
53
46
53
56
63
59
56
46
59
46
59
56
53
53
53
49
56
49
59
43
56
93
66
53
49
59
53
63
66
63
46
49
56
49
46
46
46
46
63
53
56
63
49
49
46
46
53
66
56
63
59
56
63
59
56
59
46
46
63
59
56
56
49
46
49
46
56
69
63
49
63
56
59
