59
56
59
63
59
69
66
66
66
66
66
59
56
59
56
59
59
59
59
73
69
66
63
66
66
66
153
83
66
69
59
56
59
56
63
63
63
66
66
63
66
59
59
59
59
56
56
59
56
59
66
66
66
66
56
63
63
66
63
66
73
73
66
66
56
59
59
59
66
63
69
66
56
63
56
59
59
59
66
66
63
66
66
69
69
66
59
56
59
56
63
59
59
66
66
66
66
56
59
59
59
66
63
66
69
66
63
66
59
56
59
63
66
69
66
66
59
59
59
59
59
59
59
66
89
69
63
66
56
59
56
59
66
66
66
66
66
66
69
66
56
56
56
59
59
56
59
63
63
66
63
66
66
59
59
59
59
66
66
66
59
56
59
56
56
59
59
59
66
66
69
59
59
66
66
66
69
66
66
63
59
69
66
66
59
56
59
59
59
59
56
69
66
66
66
66
59
56
73
123
119
