69
156
69
59
53
63
63
63
73
46
53
59
53
59
56
46
76
53
216
66
69
66
93
66
86
56
43
56
53
59
63
63
59
63
46
66
56
59
53
76
53
53
53
53
63
63
63
59
53
66
46
56
56
46
66
66
59
63
63
69
56
53
53
49
53
119
73
66
59
46
43
63
56
53
53
56
63
69
89
46
53
46
46
63
63
69
69
69
53
69
59
69
59
73
63
53
63
63
46
46
46
56
56
63
66
59
66
56
53
46
53
56
53
63
63
53
46
46
63
46
49
46
56
63
59
66
53
69
46
123
63
43
69
79
49
56
73
59
43
226
53
59
53
56
63
53
46
79
46
69
49
69
63
63
53
59
46
56
46
46
56
66
66
66
66
66
59
66
63
53
46
49
46
63
73
63
49
53
59
46
53
59
59
59
56
76
63
66
63
53
59
66
46
53
53
49
46
59
53
69
79
