89
89
86
93
83
89
93
93
86
79
89
93
83
79
83
83
89
103
86
83
86
93
89
89
113
83
83
83
83
79
79
93
86
83
83
83
93
89
89
93
79
86
79
83
86
89
126
96
89
83
83
83
86
86
83
116
83
83
79
79
89
86
79
79
79
79
89
89
89
89
89
89
89
89
83
83
83
86
89
93
86
83
83
83
89
89
89
83
79
86
86
83
86
89
89
93
263
83
83
86
89
83
83
79
86
86
86
93
79
79
86
83
79
89
93
93
93
93
93
93
89
86
83
86
79
83
83
83
83
89
93
89
93
83
83
83
83
93
93
89
89
89
89
89
86
83
83
83
86
89
89
86
83
83
83
86
89
89
89
89
93
99
86
83
83
93
93
93
83
83
89
93
93
86
86
86
83
86
83
83
86
89
89
83
83
93
89
89
86
86
86
83
93
89
86
83
83
93
86
89
86
