103
86
69
56
93
66
53
53
59
63
59
63
56
73
53
66
46
59
66
59
53
53
66
66
56
46
53
56
56
66
59
43
79
53
59
66
59
66
59
53
53
73
133
53
53
46
59
56
56
63
59
53
66
56
53
56
59
66
53
53
53
63
66
59
66
56
59
66
46
53
59
63
53
66
63
53
53
46
66
56
49
59
59
53
53
66
63
56
56
43
46
46
53
53
53
66
56
43
56
46
46
53
46
56
63
53
73
73
66
53
53
53
43
46
46
46
53
59
53
73
53
53
59
46
53
53
66
53
63
43
46
53
56
56
53
46
53
66
53
66
56
56
46
63
73
53
56
53
59
53
66
46
46
53
53
66
56
53
56
53
53
56
59
46
46
53
66
66
46
53
53
46
59
63
53
53
63
53
46
46
53
53
56
59
66
59
53
59
66
59
53
53
43
46
46
59
56
56
53
53
56
