56
56
56
66
176
63
63
63
63
63
66
56
56
56
59
56
56
56
59
66
63
63
66
66
63
66
66
59
59
59
56
66
66
63
66
59
56
59
59
56
56
56
56
63
69
66
66
63
66
66
63
56
56
56
56
56
56
56
56
56
66
66
66
66
56
59
56
56
63
66
63
66
63
63
63
66
56
56
59
59
59
59
59
56
66
66
63
66
66
66
66
66
56
56
56
56
66
66
63
66
66
66
66
66
63
66
59
59
59
59
59
66
66
63
66
56
56
56
56
56
56
59
56
66
66
66
66
66
66
66
63
59
59
59
56
56
59
56
56
73
69
69
73
59
59
59
59
63
66
66
66
66
66
66
56
59
56
66
59
66
66
236
56
59
56
56
59
59
59
63
63
59
56
56
66
66
66
66
66
69
63
66
59
59
59
59
56
59
66
66
63
66
83
56
56
63
66
56
56
56
