53
53
46
53
46
53
59
59
76
53
86
53
53
79
53
46
53
63
59
46
63
53
49
96
53
46
53
53
53
46
46
46
53
59
59
46
53
46
46
59
59
53
59
53
46
46
53
53
56
59
53
53
59
63
59
46
63
63
59
46
59
53
53
89
66
46
43
59
63
53
59
46
59
63
53
53
46
46
46
46
53
46
53
63
56
56
59
63
63
63
53
46
53
53
46
53
53
53
53
63
53
53
53
46
53
46
46
59
63
56
63
63
53
53
53
53
46
43
46
46
63
53
46
43
53
63
53
53
53
53
53
53
63
43
43
46
53
59
59
59
53
53
53
46
53
46
53
46
53
53
63
59
59
63
46
53
59
53
46
46
49
46
53
46
53
46
63
59
59
53
59
53
53
53
56
53
53
63
56
63
53
53
59
53
53
46
46
89
119
146
63
53
53
46
46
46
46
53
53
53
56
