59
56
56
66
66
66
63
56
59
59
56
66
66
66
63
66
66
66
66
59
56
59
56
66
63
66
63
56
56
56
59
59
56
63
66
69
66
59
66
59
56
66
66
66
66
66
66
66
66
56
56
59
59
59
59
59
56
63
66
66
69
66
66
63
59
59
59
59
66
69
66
66
59
59
56
73
59
56
59
59
59
63
66
93
66
56
56
66
63
63
66
66
56
56
63
56
66
69
69
66
56
56
56
56
56
59
59
69
66
63
66
66
66
86
119
166
59
56
59
56
59
56
66
66
113
66
56
56
56
59
66
66
66
66
66
66
86
59
59
59
66
66
66
66
63
66
66
56
59
63
56
66
66
66
66
59
56
59
59
59
56
59
56
66
66
66
66
66
76
66
63
56
56
59
59
59
59
59
66
56
66
66
66
59
59
59
66
63
66
66
66
66
69
59
56
59
59
66
66
69
66
