46
63
63
53
53
73
56
66
56
46
59
56
46
53
53
46
56
63
59
56
59
53
53
53
53
53
56
59
66
53
53
59
69
63
56
56
46
46
56
66
53
53
66
53
53
53
59
46
56
56
63
56
59
56
49
53
43
66
66
53
56
63
59
63
76
46
56
59
56
59
66
56
56
59
66
66
56
69
59
46
56
53
59
59
63
56
46
59
56
46
53
49
53
53
53
63
76
69
56
53
66
56
53
53
43
69
66
59
59
56
63
56
186
79
46
56
53
63
63
63
63
69
56
63
66
56
46
49
56
56
56
53
53
53
63
56
63
63
63
66
53
46
53
53
46
46
66
63
63
73
46
59
59
59
46
56
46
49
56
66
59
69
66
49
53
53
53
63
63
53
59
63
56
63
63
46
83
56
46
63
69
63
59
53
56
46
49
63
59
53
53
59
53
46
63
59
63
56
53
69
56
