89
93
93
93
79
83
83
123
143
83
89
89
89
86
83
83
89
93
89
83
89
89
93
86
83
89
89
86
106
103
109
89
89
89
79
86
89
93
83
83
93
103
83
83
83
83
89
89
83
83
83
89
89
96
89
89
89
89
83
86
89
83
79
83
83
83
93
93
89
89
86
83
83
83
79
93
89
93
93
83
79
86
89
93
83
83
83
83
83
83
89
93
89
93
83
83
83
83
93
89
89
93
89
93
89
83
83
86
93
89
89
89
86
93
89
83
89
89
89
83
83
83
89
89
83
83
89
93
89
83
83
86
83
83
89
89
89
93
89
103
89
96
86
83
86
83
83
83
79
83
93
89
89
83
89
83
83
83
93
93
89
89
83
119
133
83
83
83
83
86
93
83
83
86
89
83
89
83
89
83
83
89
89
93
89
89
89
83
83
83
93
89
93
89
89
83
89
93
89
89
89
