53
59
59
53
53
59
59
43
56
43
103
63
53
63
46
53
46
63
63
63
63
56
56
46
43
43
56
66
53
66
63
76
53
56
46
63
53
76
66
53
63
53
63
46
46
56
66
63
59
73
46
63
46
46
66
46
43
53
59
53
46
53
46
43
53
53
56
63
59
53
43
43
53
53
53
46
46
66
63
63
53
53
53
56
53
56
46
46
43
63
66
53
66
56
56
43
46
56
46
46
46
66
53
66
66
53
56
53
56
63
46
46
43
46
43
53
66
43
53
46
59
53
53
66
53
53
63
66
56
46
46
56
59
46
53
76
79
79
79
53
53
66
73
56
46
43
46
53
53
53
66
66
53
49
46
46
46
53
46
53
73
53
53
46
46
53
53
63
59
53
63
73
53
63
63
53
46
46
66
73
66
73
59
46
46
53
46
53
53
56
53
63
53
59
63
66
56
46
46
56
46
