56
63
66
66
66
66
63
66
66
56
56
56
59
66
66
63
66
59
56
56
56
59
59
56
66
66
59
56
56
59
63
63
63
63
66
66
66
66
56
59
56
59
56
56
56
59
79
126
66
106
63
63
66
63
66
59
56
59
59
66
66
66
66
56
56
59
56
59
56
56
66
59
66
66
63
66
66
66
63
66
56
56
56
56
59
56
56
59
59
59
63
66
63
76
59
56
56
56
66
66
63
66
66
66
66
66
56
56
59
69
66
56
63
66
66
63
63
69
59
59
59
79
66
66
66
63
66
66
66
63
56
56
59
63
66
56
56
56
56
59
59
59
56
66
66
66
66
56
66
63
3036
56
59
56
59
59
56
59
56
63
66
66
56
59
59
63
66
63
66
66
66
56
56
66
63
66
56
59
56
56
56
56
56
56
66
106
66
66
59
56
59
56
63
69
66
63
69
63
66
63
