73
76
73
76
76
73
59
66
59
59
73
69
66
73
66
66
56
66
66
66
66
73
66
63
56
59
59
66
66
59
66
59
76
73
73
76
66
66
66
63
63
73
66
66
66
59
59
56
59
66
56
59
66
73
66
66
69
73
66
66
59
66
63
56
66
66
59
66
66
66
66
73
66
59
66
59
73
66
76
66
199
86
66
73
73
66
76
66
66
76
66
66
59
56
69
79
73
56
66
66
66
63
59
76
66
66
66
69
66
66
66
76
59
66
63
76
66
66
56
59
59
59
59
73
66
76
63
66
76
76
73
76
66
66
63
66
66
69
73
66
59
73
73
66
76
73
63
66
66
66
56
56
59
59
66
59
59
69
66
76
63
66
66
66
63
73
59
59
59
63
73
76
76
76
63
66
73
66
56
56
66
66
76
76
73
76
66
73
69
59
59
66
59
69
56
76
73
73
73
66
66
