96
66
96
66
66
59
56
66
66
86
66
59
66
56
186
76
66
96
63
66
56
76
66
69
59
56
66
66
59
63
59
83
66
59
66
63
66
69
59
66
59
59
56
56
66
66
66
59
66
66
56
59
66
66
69
56
66
76
69
56
66
59
66
63
56
59
66
89
59
66
66
56
59
59
56
59
66
63
59
119
59
56
83
63
123
63
79
59
56
69
59
66
63
59
66
56
66
66
59
66
59
56
59
66
59
56
66
59
66
59
66
59
66
63
69
56
59
66
66
59
59
66
69
66
59
106
69
63
59
59
59
66
56
59
59
66
66
59
63
63
59
56
56
59
59
66
66
59
66
63
59
56
59
59
59
63
69
66
66
93
66
69
56
63
63
66
56
59
59
59
99
63
99
66
69
63
66
66
56
66
66
83
66
56
63
59
66
66
66
56
59
103
203
59
69
66
66
59
63
66
