53
216
56
59
63
53
66
59
63
73
229
53
56
46
69
46
59
69
63
63
59
53
69
66
46
56
66
66
66
73
63
56
56
59
63
59
69
46
46
76
53
49
69
53
43
66
53
69
63
59
56
53
86
66
59
66
56
56
59
53
46
66
46
53
63
53
53
59
53
56
63
59
59
63
49
53
49
46
59
56
69
56
56
59
53
66
46
59
59
56
63
53
53
63
46
43
46
46
53
66
63
59
76
69
59
69
53
66
53
46
59
66
46
46
66
63
53
53
56
53
63
63
59
59
63
63
53
53
56
53
73
136
76
46
56
56
69
69
69
59
66
56
53
53
56
46
56
53
53
66
63
66
56
46
56
56
76
53
46
46
53
56
53
66
59
46
49
59
73
53
53
63
66
106
59
53
46
43
63
113
66
63
53
46
56
53
53
63
53
79
56
66
66
63
53
63
69
59
53
46
53
