79
89
89
86
86
79
83
83
83
83
79
79
83
89
89
89
93
89
89
86
89
79
83
83
79
83
79
79
79
89
89
89
89
79
79
83
79
89
89
89
89
89
86
89
89
83
79
79
79
83
79
83
83
86
89
89
89
89
89
89
89
79
79
79
79
89
89
89
83
79
79
89
89
79
89
86
89
89
89
89
89
89
79
79
83
79
89
86
86
89
79
79
256
79
83
83
79
79
89
89
89
89
89
89
89
89
83
79
79
83
79
83
89
89
89
86
83
83
83
83
86
89
89
89
89
89
89
89
83
79
83
79
89
89
93
79
79
83
83
79
83
83
83
86
86
89
89
79
89
83
83
79
89
89
86
89
89
89
79
79
83
79
83
79
83
83
89
89
86
89
93
89
89
89
79
79
83
83
89
89
89
86
79
79
79
83
79
83
83
86
89
89
79
79
83
83
89
89
86
86
89
