83
86
93
86
63
96
99
89
63
56
66
66
66
53
53
73
66
56
103
63
69
56
66
59
56
53
56
63
66
73
66
73
66
59
66
63
59
56
56
53
93
193
116
66
46
196
56
63
63
66
66
63
63
63
59
46
46
46
66
63
63
56
63
63
56
69
73
53
43
59
66
56
46
73
66
73
53
63
73
46
56
59
66
56
76
79
46
43
66
79
43
59
46
53
66
53
53
56
66
56
59
53
73
53
66
53
53
59
73
56
76
66
46
63
56
53
73
53
66
66
46
56
59
63
66
66
59
56
66
73
69
59
66
46
73
66
53
76
53
66
66
53
56
53
59
63
59
69
63
53
53
73
66
59
56
66
56
46
73
59
53
53
56
43
56
53
46
59
46
53
53
66
56
56
46
46
53
66
46
63
46
56
63
56
66
56
46
46
53
53
53
46
53
56
73
53
66
53
73
53
56
