59
93
66
93
86
56
66
63
66
59
66
56
56
63
63
63
63
63
59
56
56
66
63
66
59
56
56
56
59
66
66
56
63
63
66
63
59
56
66
66
66
59
59
56
66
63
66
63
56
56
56
56
56
63
66
66
56
56
56
69
63
66
66
63
56
56
59
66
66
66
66
66
56
56
56
56
66
66
56
59
56
59
56
63
66
63
63
66
66
59
59
63
66
66
66
66
73
173
63
66
56
59
63
56
56
56
56
56
56
66
63
63
66
56
63
63
63
66
63
56
56
59
59
56
56
63
66
63
66
63
66
66
56
56
56
66
63
66
66
56
59
59
59
66
63
66
59
56
56
63
63
66
63
63
66
59
59
56
66
66
66
59
56
59
66
66
66
66
66
66
56
56
56
59
59
66
63
66
56
56
59
66
66
66
63
66
59
59
66
119
56
59
59
56
63
66
66
59
56
63
66
