103
76
103
53
93
79
76
53
79
126
86
109
63
59
59
93
46
46
66
53
53
63
63
126
66
56
63
59
59
63
46
46
53
53
46
93
56
46
53
53
53
53
43
53
53
53
46
46
126
53
53
53
53
46
53
56
53
63
53
59
63
43
53
59
53
63
53
53
46
43
53
46
46
53
53
63
46
53
49
46
53
63
89
56
59
56
53
59
53
46
53
46
53
53
59
53
56
53
56
53
59
53
53
46
53
59
53
53
46
43
46
53
46
63
53
56
53
59
63
46
53
63
53
46
53
56
53
53
53
53
53
53
53
53
59
53
56
53
53
59
46
59
56
63
63
56
53
53
56
43
46
59
63
53
53
59
53
56
59
53
63
53
49
53
43
53
59
46
46
53
53
46
46
43
43
53
53
59
59
46
53
46
53
59
53
53
59
56
46
56
53
63
56
56
56
56
56
46
46
46
46
