56
56
59
56
179
56
66
69
66
66
69
66
69
66
59
63
59
56
69
66
59
59
56
59
66
69
66
63
66
66
66
59
56
59
56
66
59
63
63
66
59
59
59
66
66
59
56
63
66
59
59
56
59
59
56
63
63
59
56
66
66
73
66
76
66
66
66
59
56
59
56
56
56
56
66
66
66
73
66
76
79
79
63
56
66
66
66
66
59
59
59
59
59
56
56
63
79
63
66
59
59
59
56
66
66
66
66
66
66
66
56
59
56
63
63
59
59
59
59
63
66
66
66
66
59
56
59
59
56
63
73
73
63
59
59
56
73
66
63
66
63
66
66
63
59
59
66
66
66
59
56
56
56
59
59
66
66
66
63
66
69
66
66
66
69
63
66
59
56
63
63
59
59
56
56
66
63
66
66
66
66
66
63
59
59
59
56
66
66
66
63
59
59
59
56
66
66
66
66
56
56
