53
53
59
69
73
59
46
56
56
53
59
46
46
53
46
53
66
59
66
53
53
63
63
63
66
53
53
49
46
59
53
59
63
43
46
53
59
53
59
59
93
53
46
63
59
46
63
59
46
56
63
63
66
59
49
53
49
73
56
63
63
63
59
56
56
76
63
66
59
63
53
59
53
63
53
56
59
63
63
53
59
53
46
63
59
63
63
46
56
63
53
69
66
59
53
53
53
46
59
56
56
59
56
46
66
59
56
46
53
46
63
56
76
66
63
53
46
59
66
66
63
76
53
46
53
56
53
46
56
59
56
63
59
53
46
53
66
73
56
66
63
53
66
53
46
49
66
46
46
56
73
53
53
63
59
46
56
56
66
69
69
56
56
46
59
46
69
53
59
59
53
59
49
56
56
59
53
66
66
63
46
63
56
59
56
56
56
46
56
66
63
53
53
59
66
53
53
46
56
53
53
