89
86
96
89
89
89
89
86
96
96
89
89
79
89
79
93
96
93
86
89
96
93
86
89
86
79
79
83
79
79
89
89
89
96
93
86
89
79
93
79
96
89
89
96
99
86
96
89
129
83
89
89
79
89
86
96
99
96
96
89
96
89
96
89
89
86
99
96
89
86
86
83
89
99
93
79
79
89
83
89
86
89
96
89
89
86
89
123
96
89
89
79
89
79
89
96
86
89
89
96
96
86
89
89
79
79
83
83
79
86
89
89
99
96
89
89
89
83
96
86
89
96
89
86
86
79
89
93
86
96
96
96
96
89
96
89
89
89
96
96
89
86
89
83
89
96
86
79
79
89
89
86
89
86
96
86
79
79
79
79
89
89
89
89
79
89
86
89
79
83
89
89
96
96
86
89
93
96
86
96
89
83
89
86
79
79
93
93
89
83
79
79
83
96
96
96
86
96
86
93
96
