89
93
103
66
66
79
79
73
66
59
73
96
73
86
53
56
59
66
73
63
53
59
63
66
66
56
66
63
56
73
63
59
73
59
53
56
46
63
46
73
73
53
53
46
89
56
53
63
63
69
59
66
59
46
56
73
73
59
46
46
86
46
66
63
53
59
63
66
53
69
59
73
53
53
59
49
53
53
56
43
66
56
46
69
63
73
66
56
53
53
53
63
66
76
66
53
53
53
59
46
56
56
63
56
53
56
53
73
66
53
56
53
53
73
66
66
56
56
53
53
56
66
46
53
63
56
59
46
53
46
53
53
59
63
63
56
53
59
53
43
53
46
66
46
53
43
46
63
53
63
53
46
56
59
63
53
53
53
56
43
56
56
53
53
46
59
59
53
43
46
56
63
63
53
53
53
59
46
59
46
59
73
63
59
63
59
46
43
53
53
56
63
53
46
63
53
53
73
53
73
53
