56
56
56
59
59
59
59
66
66
66
59
56
59
66
66
66
66
63
59
59
56
56
59
59
56
59
63
63
66
66
63
63
63
56
193
56
56
63
66
66
63
59
56
59
56
59
59
59
66
66
59
59
59
66
63
66
66
66
143
66
63
56
59
56
66
66
63
56
56
59
59
56
56
56
56
66
63
66
66
66
66
56
59
66
66
56
56
76
56
63
66
66
63
56
59
59
56
59
76
56
66
66
66
63
66
66
66
66
59
56
56
63
66
66
66
56
56
56
56
59
56
59
56
66
66
63
63
66
66
66
56
56
56
56
56
59
149
73
66
59
56
59
59
66
63
63
66
63
63
66
59
56
56
56
63
63
63
66
56
56
59
59
56
59
56
56
66
63
66
66
56
56
56
56
56
56
59
63
56
66
63
66
66
66
66
56
56
56
56
66
63
66
66
59
56
59
59
56
66
63
66
