56
53
63
56
53
93
46
53
53
63
63
53
46
53
46
53
53
53
46
53
53
63
63
56
59
43
53
53
46
56
53
53
53
53
46
53
53
53
59
63
63
53
53
56
53
56
46
46
46
46
56
53
63
43
56
46
53
53
53
46
53
56
63
56
56
56
46
46
46
46
63
46
63
53
53
63
46
49
53
43
63
53
59
46
53
53
56
46
46
53
63
63
53
53
63
63
59
53
43
43
46
56
53
56
53
46
59
53
53
53
53
53
59
59
53
63
53
46
46
53
46
49
46
53
53
53
53
59
53
53
46
53
46
59
53
89
53
46
53
59
63
56
53
46
59
53
53
53
53
53
53
56
53
53
56
53
46
46
53
43
46
46
46
59
63
56
59
59
63
53
56
46
53
46
46
46
46
46
53
53
59
53
46
56
46
59
53
53
53
56
59
59
53
53
46
53
46
53
63
59
63
