59
96
66
59
59
93
66
76
66
66
63
66
133
56
59
59
59
66
63
59
66
66
59
59
59
63
56
59
56
59
66
66
66
66
59
59
56
56
69
66
66
69
66
69
59
56
56
56
59
59
63
59
66
66
66
66
69
66
66
219
59
73
59
56
63
66
66
66
59
56
56
59
116
59
59
66
66
63
56
246
66
73
69
66
66
69
63
59
59
56
59
66
66
306
56
59
149
59
59
63
59
66
66
66
66
69
66
69
66
59
69
56
56
63
59
59
59
66
69
73
66
59
56
69
59
56
69
66
69
66
66
69
63
66
59
59
59
59
66
89
66
69
59
59
59
63
59
59
56
59
59
329
66
66
66
66
59
59
56
56
69
66
69
66
69
69
66
69
63
63
63
59
59
59
59
69
66
66
66
66
66
59
59
56
59
66
69
66
66
63
59
56
59
56
59
59
63
66
66
69
59
