63
79
56
79
46
59
53
59
53
63
59
66
63
53
59
63
63
59
56
56
59
53
56
46
53
46
53
59
66
66
66
63
66
66
66
66
59
59
46
46
69
63
53
63
53
49
56
46
53
46
66
53
59
66
56
53
66
63
66
59
53
46
53
56
63
63
66
63
53
46
59
56
56
63
63
63
76
69
69
59
46
59
46
56
59
69
66
56
46
49
59
66
56
46
53
59
59
59
56
66
63
46
59
59
59
53
46
49
66
66
69
63
63
53
53
59
59
63
46
56
46
56
63
56
59
63
53
56
56
59
63
53
56
66
56
66
59
46
73
59
59
46
59
56
59
56
59
53
63
63
53
66
63
43
63
56
76
59
59
66
53
46
63
46
56
63
63
63
59
56
76
56
66
46
46
53
46
56
56
136
56
56
53
53
56
56
63
136
66
66
69
66
73
59
46
53
46
66
63
46
46
