89
89
86
116
83
83
83
79
79
83
83
86
89
89
83
83
83
83
86
89
89
89
89
83
89
83
79
83
79
79
89
89
89
89
89
89
79
83
79
83
89
89
89
86
79
79
83
79
79
79
79
79
79
89
86
89
89
89
83
79
79
83
86
89
89
89
89
86
89
79
83
79
83
86
86
83
79
89
79
83
83
83
83
89
89
89
89
86
89
89
89
79
83
79
79
83
83
79
79
89
86
89
89
79
83
79
83
86
86
89
89
86
79
79
79
89
89
89
89
83
79
86
86
89
79
79
79
83
79
119
79
89
89
89
89
89
89
89
79
79
79
83
126
79
83
83
89
89
89
89
83
83
83
83
83
86
89
89
89
89
89
89
89
79
83
83
83
93
89
83
89
89
79
83
79
83
79
83
79
79
93
89
86
79
89
89
89
89
83
89
79
89
83
79
83
79
79
83
89
83
83
