79
86
96
129
96
59
66
79
56
59
56
56
46
66
66
76
66
73
63
129
66
46
69
66
56
76
66
66
66
59
56
56
56
59
59
66
66
66
66
66
66
73
73
66
63
46
63
56
46
56
66
69
63
56
59
56
46
66
63
66
63
63
66
53
43
53
46
59
46
56
56
66
66
73
73
66
53
53
53
43
59
46
66
146
73
53
66
59
53
53
46
63
56
63
56
46
66
76
96
53
59
59
66
46
66
59
53
53
66
66
53
56
63
43
56
46
59
56
53
63
53
59
59
46
66
66
56
66
46
66
66
59
66
63
53
53
63
56
59
53
46
56
43
56
59
53
53
59
59
59
46
56
53
63
66
76
63
59
56
59
56
46
46
46
53
66
63
59
53
63
63
63
56
73
63
43
56
49
63
66
59
63
53
56
46
66
66
46
46
43
59
56
63
56
53
63
69
66
59
59
63
