86
59
73
63
153
66
56
59
59
56
59
59
56
59
66
63
66
69
66
63
63
56
59
56
56
56
59
56
56
56
66
66
66
66
56
59
56
66
66
63
66
66
66
66
69
59
59
59
56
63
69
66
66
56
59
56
56
56
59
59
56
59
66
66
66
59
59
56
59
69
63
66
66
63
56
69
56
56
59
59
56
126
66
66
66
66
66
66
66
136
59
59
59
66
66
66
66
66
66
66
56
56
56
56
66
59
56
66
66
69
69
63
56
59
59
56
66
66
66
66
56
93
56
59
59
59
59
56
63
66
66
69
69
129
66
66
56
56
56
59
59
56
56
66
66
63
63
56
56
59
66
66
66
66
66
66
63
66
106
56
59
56
56
63
63
63
69
59
59
56
59
59
59
63
63
69
63
56
56
56
56
66
66
66
66
66
66
63
66
59
56
56
56
59
56
63
63
66
69
66
69
