53
56
86
46
66
129
69
53
86
63
93
66
53
53
56
43
46
63
53
53
49
56
79
53
53
43
53
53
66
53
53
63
56
59
69
63
63
76
46
56
53
46
53
46
53
53
53
53
53
53
46
46
53
59
53
53
63
63
46
59
56
53
56
46
56
53
56
59
53
53
53
53
53
53
49
53
46
46
53
93
56
59
53
46
53
46
56
46
53
46
53
53
63
53
63
56
63
46
53
46
46
53
43
63
59
56
53
53
63
59
79
53
56
43
46
46
59
53
53
59
53
53
53
53
53
59
53
56
53
63
43
43
53
53
46
53
53
56
53
53
59
53
53
63
53
59
56
43
53
56
53
59
59
53
56
53
63
53
53
46
53
56
79
83
56
56
59
53
46
46
53
63
53
53
46
53
46
63
59
53
53
63
53
63
96
53
53
49
46
46
46
46
63
53
63
63
53
63
53
59
