76
66
69
56
53
56
66
63
56
56
66
66
59
63
66
66
66
59
66
69
66
59
69
66
59
56
59
66
56
66
56
59
69
59
56
59
66
59
69
56
66
59
59
56
56
66
66
63
66
66
96
66
56
59
56
66
69
59
56
73
66
66
66
66
59
59
59
63
66
59
59
69
66
59
66
66
66
66
59
69
66
66
56
66
63
59
56
59
66
59
59
66
56
59
59
59
63
63
66
59
63
59
53
59
63
66
66
69
66
56
59
59
66
56
59
63
66
59
99
69
66
66
66
56
63
59
66
56
59
63
63
56
66
63
66
56
56
56
59
66
59
56
56
56
66
56
66
59
56
59
59
56
66
63
66
59
59
56
56
66
66
59
59
66
66
66
69
56
56
56
63
59
56
66
63
59
66
66
66
59
59
56
56
66
59
59
59
83
83
66
53
63
59
59
59
59
59
69
66
63
59
