69
63
63
49
53
73
63
49
76
66
66
56
46
46
56
53
59
56
59
86
66
63
53
66
66
56
53
59
66
59
46
56
53
66
53
66
59
53
79
46
59
56
46
49
66
59
53
49
56
69
63
59
63
53
49
43
63
46
59
46
109
63
53
69
56
49
59
53
56
69
66
66
53
46
46
59
53
66
53
46
49
66
53
56
56
59
59
66
59
46
56
56
53
59
53
59
56
56
63
56
53
63
46
56
53
46
53
63
63
53
56
56
66
56
59
53
76
63
63
49
49
69
63
76
59
53
56
49
53
63
63
56
53
66
59
59
56
43
63
49
69
56
53
49
46
59
56
59
63
59
63
46
56
49
56
49
56
59
53
63
66
46
63
59
53
63
53
59
56
59
49
59
153
56
83
59
79
59
46
53
53
66
79
53
46
53
49
59
49
59
53
73
56
46
59
59
56
66
53
59
63
