93
83
86
86
99
93
93
93
99
93
89
93
89
93
93
89
86
93
86
103
93
93
86
83
83
83
83
99
99
103
89
96
89
103
93
83
89
96
89
83
93
93
93
183
99
93
86
86
86
86
96
109
93
96
93
83
89
93
93
79
99
89
89
83
99
99
99
93
93
83
89
96
83
93
99
93
99
103
89
89
96
89
93
93
86
86
93
93
86
83
86
93
99
99
99
93
93
89
99
89
96
83
93
99
93
93
86
86
93
93
89
99
99
93
83
83
93
103
93
109
96
86
93
89
89
83
99
99
89
89
83
99
99
99
89
93
83
86
93
93
89
89
99
93
93
93
93
89
93
86
83
93
93
93
83
86
86
89
99
99
99
89
93
89
99
93
89
86
93
99
93
93
83
83
93
93
93
93
83
86
86
83
99
89
93
93
86
93
93
93
83
99
99
199
93
83
99
103
99
89
93
