63
59
73
73
66
53
59
56
53
66
66
56
63
69
59
66
73
63
73
66
63
56
46
56
53
73
56
53
66
73
53
63
53
66
56
69
66
59
56
53
73
66
63
53
49
59
66
66
53
66
46
73
59
66
46
66
53
63
66
49
46
73
73
73
63
53
59
46
46
56
66
66
46
59
73
56
46
56
343
69
73
59
63
46
56
59
53
63
46
53
56
63
53
56
53
56
66
53
53
59
46
53
76
63
56
56
63
49
43
56
53
53
66
46
59
43
56
49
56
73
56
53
53
53
46
46
59
53
63
53
53
53
53
43
46
56
53
63
53
53
59
63
59
53
63
43
46
46
53
63
46
56
53
56
56
53
53
59
56
46
56
59
63
46
53
53
53
46
53
53
53
66
49
59
53
43
56
46
63
46
63
53
43
46
46
53
56
63
53
63
59
56
53
56
53
43
59
63
43
53
59
