59
63
66
56
59
59
66
66
63
63
66
56
59
66
66
66
56
66
66
63
56
66
186
66
66
59
63
59
66
56
56
66
66
63
63
56
59
53
66
66
59
66
56
56
59
59
66
59
63
56
66
56
59
59
63
63
63
59
66
59
59
56
59
56
56
56
56
66
63
66
56
59
66
56
69
119
63
63
59
63
59
56
66
59
59
59
66
59
59
63
59
59
63
56
63
63
53
56
56
66
63
63
63
63
56
56
63
59
56
66
56
66
63
63
59
66
56
56
66
59
59
59
56
59
56
63
113
59
63
56
66
66
66
59
56
69
56
56
59
56
66
63
66
59
63
63
53
66
66
66
56
56
63
59
66
56
66
66
66
56
59
53
66
66
66
59
63
3639
59
56
56
63
66
56
59
63
66
66
56
93
63
56
56
66
59
66
56
56
63
59
56
59
56
66
56
59
66
83
56
63
59
