56
199
53
53
53
63
49
53
53
56
56
63
53
46
53
63
46
46
63
56
46
43
63
59
53
59
46
59
63
63
43
56
53
46
63
46
63
66
59
53
59
46
49
46
59
56
56
46
59
56
56
53
59
43
53
53
49
46
53
46
53
56
63
53
59
59
53
49
46
53
56
56
56
59
53
56
53
63
59
66
53
59
56
43
46
53
53
46
53
49
53
56
53
49
56
53
46
53
46
46
49
53
63
66
66
59
59
56
53
53
56
63
49
63
233
59
63
53
56
53
56
46
53
53
53
46
63
53
63
63
53
49
49
56
59
43
53
53
46
53
59
63
63
63
63
46
53
49
53
53
53
46
53
56
53
46
59
53
63
46
53
46
56
53
59
59
56
49
53
63
76
53
69
46
46
73
53
46
63
53
63
56
49
46
53
56
59
49
49
63
46
53
56
53
46
56
53
63
63
53
46
